60 1000
1 295 4 37 5 39 8 59 44 55 23 12 18 54 40 43 2 52 11 53 14 31 26 19 34 33 22 29 3 27
2 392 16 55 12 11 38 25 3 7 23 33 19 40 43 5 52 29 13 26 49 46
3 313 26 60 7 24 16 57 21 10 27 43 41 51 54 32 42 22 14 46 33 35 53 48 28 36 19
4 277 5 51 58 23 12 28 7 29 37 21 33 40 53 24 38 14 60
5 342 42 54 47 50 19 12 46 21 28 37 44 30 9 23 53 40 32 60 16
6 381 11 34 54 7 48 50 46 47 33 23 32 41 13 44 17 29 30 12 18 21
7 446 35 50 47 36 38 56 53 23 17 21 45 24 49 54 25 32 29 26 58 40 9 39 13
8 288 46 18 34 41 48 52 58 11 20 25 44 40 60 53 30 19 28 50 12 51 55 49 13
9 266 50 28 17 32 26 40 15 35 33 11 46 56 30 55 22 45 13 60 18 25 41 38 58 29
10 307 46 15 50 18 56 49 24 22 13 21 17 37 36 48 19 11 45
11 373 56 18 12 40 46 16 20 45 17 54 29 13 21 26 58 53 35 34 22 47
12 320 56 58 18 23 39 54 57 51 36 27 34 40 43 47 19
13 365 48 58 49 45 59 17 43 31 52 55 42 56 26 16 14 57 30 15 25 36 37 27 35 44
14 318 43 23 38 26 59 54 46 45 22 32 55 19 30
15 317 26 33 30 21 53 54 50 28 17 46 59 44 29 24
16 439 31 18 54 55 57 47 49 44 28 33 53 39 17 59 20 37 23 19
17 258 60 31 33 50 24 45 43 39 34 30 49 58 25 56 28 41 20
18 303 33 45 44 29 38 58 37 49 25 27 40 47 19 26 21 51 36 28
19 366 43 25 33 23 40 51 46 32 24 21 38 59 56 22 44 30 42 39 35 55
20 360 22 26 42 51 50 25 27 43 44 30 35 41 49 39 45 33 31
21 274 31 58 40 41 56 38 45 22 52 32 34
22 400 57 51 40 45 44 58 32 48 54 50 49 24 26 41 33 25 23 36
23 257 39 44 50 34 54 36 48 38 32 43 45 24 27 37 57 35 41 25 51
24 343 38 60 45 44 39 27 28 37 49 32 56 36 25
25 287 53 28 31 57 52 40 60 50 46 39 58 59 43
26 347 59 34 42 57 33 31 27 32 29 39 30 49 52 36 50
27 366 54 52 40 48 29 44 37 46 42 32 51 28 43 39
28 447 35 60 29 51 37 36 44 49 48 53
29 303 59 48 56 43 36 33 54 30 52 35 53
30 250 57 38 37 45 36 40 55 58 43 48 39 50 31 46 42
31 302 53 60 56 54 46 52 49 42 55 51 34
32 303 53 36 54 46 43 40 33 47 60 38 41 56
33 395 59 46 55 44 60 43 38 42 45 47 40 58 39 54 41
34 257 45 53 51 48 40 46 37 38 39 50
35 476 48 36 57 52 41 44 45 49 39 58
36 267 47 50 42 39 52 46 51 60 55 49 53 48
37 442 51 39 52 44 55 54 40 41 48 42
38 299 41 59 46 44 51 57 55
39 259 60 44 58 48 56 52 45
40 311 47 60 57 43 50 41 56 52
41 344 42 53 54 60 56 44
42 345 56 47 52 57 58 45 55 48 49 53
43 269 58 46 51 56 57 47 54 60
44 409 48 58 55 52 51 59 49
45 322 60 56 55 47 59 57
46 297 55 51 57
47 397 59 54 49 52 53
48 306 60 58 49 57
49 252 55 51 53
50 257 56 55 60 54
51 491 57 52 54 58
52 352 59 60
53 386 55 58
54 262 55 57 56
55 267 59 58 60
56 427 59
57 306 60 58
58 314 59 60
59 348
60 338
