60 1000
1 265 51 6 24 13 5 58 15 29 22 41 19 50 35 37 39 17 9 60 31 45 14 43 33 40 59 27 48 3 53 54 18 21 42 46 26 10 36 28 52 44 55 8 4
2 251 3 23 13 57 36 43 42 49 12 34 26 17 14 52 9 37 25 24 19 6 20 18 29 47 45 58 38 59 21 51 22 60 11 48 41 35 32 53 8 44 31 28 30 54
3 484 34 42 38 8 25 53 55 60 47 20 32 10 24 14 48 35 6 30 59 51 57 5 16 46 44 17 7 36 15 22 56 50 49 11 18 31 37 26 33 45 52
4 415 58 10 47 17 14 45 38 22 49 30 11 18 33 29 59 5 56 55 43 25 15 36 23 7 16 24 39 40 12 57 52 32 21 54 48 46 20 35 51 28 37 13 9 31
5 268 21 39 50 43 14 53 36 9 23 19 6 55 13 17 46 47 42 32 51 24 52 20 44 27 48 12 38 60 26 57 28 37 58 30 33 45 40 16
6 317 56 14 36 60 29 11 16 8 23 26 55 25 49 50 20 18 48 43 41 47 40 44 51 13 24 15 9 10 52 7 57 21 46 22 17 31 39 32 59
7 262 24 26 48 49 50 23 30 14 16 19 53 56 28 45 47 17 35 33 32 12 60 15 37 58 34 54 25 11 44 43 29 51 13 41 10 42 8 40
8 422 48 36 39 60 25 51 57 44 59 42 23 33 16 24 46 49 19 28 10 40 9 13 35 30 54 21 17 12 18 26 45 53 34 55
9 316 33 32 17 27 54 20 11 40 47 38 14 53 25 13 18 21 15 60 45 50 34 56 28 36 37 42 22 44 49 24 46 30 55 41 19 48 58
10 317 19 17 21 54 55 15 46 28 11 22 26 13 31 44 20 18 23 42 60 36 14 51 45 37 41 43 53 16 39 27 12 35 59 38 58
11 387 45 23 35 30 18 48 56 34 53 19 15 16 44 27 28 52 33 24 47 43 50 39 38 42 12 17 21 32 49 29 51 14 58 37 22 46
12 296 55 46 25 14 47 60 21 31 56 44 51 52 29 28 41 38 24 48 42 23 22 30 58 18 43 32 54 15 40 20 27 19 35
13 383 52 37 41 60 25 27 51 42 56 59 24 18 54 21 19 57 31 14 39 55 50 58 33 15 49 32 20 30 35
14 358 19 26 32 31 47 51 43 56 38 28 44 58 55 46 52 22 41 40 27 59 30 60 20 33 49 39 45 37 42 53 50 35 36
15 259 37 56 55 54 35 27 44 25 18 48 16 40 46 36 50 21 43 17 38 26 20 45 39 19 34 57 52 30
16 373 55 45 25 51 35 50 38 41 28 46 44 32 42 39 21 48 36 49 26 29 27 47 56 30 54 60 31 58 24
17 368 19 47 38 24 56 50 48 45 53 55 42 37 41 49 57 35 32 51 18 36 60 59 31 28 52 54 20 44 58 33 25 43 26 29
18 259 39 35 31 23 55 19 32 46 41 20 56 53 60 26 21 27 38 52 57 48 44 45 40 37 34 24 54 58 42 43 33
19 282 49 39 25 45 48 58 53 46 37 36 20 35 42 60 47 52 59 40 54 29 57 30 44 22 24 28 50 41 27 56 31 34
20 252 54 30 33 53 57 38 34 24 44 50 36 29 48 27 39 25 31 37 21 49 42 28 60 35
21 466 22 47 30 42 41 43 44 40 24 45 48 51 56 50 36 23 34 38 55 54 58 53 59 28 29 33 31 27
22 353 43 40 24 32 51 46 39 48 23 59 33 57 36 41 49 38 54 27 37 52 58 47 45 42 44 56
23 315 50 45 48 57 42 53 37 33 46 28 39 60 44 43 59 51 56 29 52 26 38 32 31
24 332 53 55 40 46 34 27 32 54 31 45 56 37 57 50 49 26 35 60 48 58 51 42 29 44
25 287 38 32 41 43 49 40 56 45 44 53 54 60 29 59
26 397 39 58 53 33 60 49 34 43 44 36 31 56 38 51 29 40 42 55 27 54 41 57 28 46 59 52 48 32 37
27 316 38 48 52 54 44 30 59 34 50 39 33 36 41 32 43 60 57 35 51 55 47
28 322 34 42 50 36 40 57 38 46 41 32 47 49 53 59 35 56 30 43 55 60 51 44 48
29 412 55 48 51 30 46 47 42 37 50 45 44 41 56 33 60 35 52 43 58 40 54 31 57 32 39 59
30 266 56 53 50 46 54 40 38 36 37 47 33 43 39 32 57 52 45 41 44
31 434 58 43 47 51 49 44 57 39 46 53 54 41 60 50 33 40 34
32 271 42 54 40 50 33 58 49 36 38 60 47 52 53 35 56 37 55 41
33 295 52 36 56 59 50 41 51 43 37 47 39 46 60 57 58 49 44 40 34 45 42
34 341 49 43 56 60 55 42 59 51 53 57 47 39 38 45 58 35 52 40
35 285 46 44 45 57 37 42 58 56 51 53 38 60 36 52 39 43 40 49 55
36 374 45 39 37 52 59 42 53 47 43 49 38 40 46 57 48 58 51 44
37 260 60 56 40 39 45 59 44 51 38 46 48 50 49 58 42 43 54 41 57 52 47
38 453 47 59 49 42 48 43 54 50 41 57 55 52 51
39 287 56 41 58 46 57 42 47 51 44 50 60 53 48
40 296 46 52 49 50 55 43 48 57 53 51 45 44 54 58 47 59 56 41
41 327 55 49 45 47 50 60 53 44 57 42 59 48 56
42 377 50 57 47 59 45 58 51 55 49 48 53
43 260 45 53 60 55 50 59 46 51 54 52 47 49
44 289 51 58 53 49 45 54 52 47 59 60 46
45 451 60 53 57 52 56 54 47 59 48 46 58
46 341 50 58 53 55 57 56 59 60 52 48 47 51
47 303 49 57 56 51 53 60 54 58 59
48 356 53 51 55 50 59 58
49 416 53 51 59 55 52 54 56
50 327 55 59 60 53 54 57 56
51 257 57 59 60 58 53 54
52 251 60 58 53 56 59 55 54
53 375 56 55 57 60
54 374 55 60 56 59
55 368 57
56 284 58 59 60 57
57 348 58
58 299 59
59 420 60
60 281
