120 150
1 49 14 15 17 33 34 47 48 51 54 57 58 59 60 75 79 86 94 102 103 104 106 108 109 113 115 120
2 95
3 38
4 62
5 63
6 97
7 42
8 62
9 100
10 43
11 44
12 77 14 17 33 48 54 104 115
13 97
14 94 15 17 21 25 27 33 66 34 45 47 48 49 51 54 57 58 59 60 62 69 74 75 79 86 89 94 97 102 103 104 106 108 109 112 113 115 118 120
15 68 17 21 33 66 34 45 47 48 49 51 54 57 58 59 60 69 74 75 79 86 94 102 103 104 106 108 109 112 113 115 118 120
16 23
17 50 21 25 27 33 66 34 45 47 48 49 51 54 57 58 59 60 62 69 74 75 79 86 89 94 102 103 104 106 108 109 112 113 115 118 120
18 36
19 89
20 58
21 97 33 48 54 59 102 104 115
22 27
23 64
24 65
25 54 33 48 54 104 115
26 58
27 24 48 54 104 115
28 35
29 33
30 63
31 32
32 50
33 58 66 34 45 47 48 49 51 54 57 58 59 60 69 74 75 79 86 89 94 102 103 104 106 108 109 112 113 115 118 120
34 90 48 54 59 86 102 104 115 120
35 44
36 50
37 48
38 21 48 54 115
39 72
40 75
41 21 48 54 115
42 74
43 28
44 95
45 77 48 54 59 102 104 115
46 69
47 96 48 51 54 59 79 86 102 104 113 115 120
48 24 66 49 50 51 53 54 57 58 59 60 62 69 74 75 79 86 89 94 97 102 103 104 106 108 109 112 113 115 118 120
49 57 54 59 102 104 115
50 85 54 115
51 72 54 57 58 59 60 79 86 94 102 104 106 113 115 120
52 96
53 50 54 104 115
54 83 66 57 58 59 60 62 69 74 75 79 86 89 92 94 97 102 103 104 106 108 109 112 113 115 118 120
55 65
56 62
57 99 59 79 86 102 104 106 113 115 120
58 93 59 79 86 102 104 115 120
59 23 66 60 69 74 75 79 86 94 102 103 104 106 108 109 113 115 118 120
60 77 79 86 102 104 113 115 120
61 94
62 31 104 115
63 50
64 33
65 79
66 73 102 104 115
67 23
68 55
69 44 102 104 115
70 78
71 84
72 66
73 31
74 59 102 104 115
75 97 86 102 104 115 120
76 95
77 22
78 76
79 90 86 94 102 104 106 113 115 120
80 66
81 29
82 100
83 90
84 92
85 50
86 49 94 102 103 104 106 108 109 113 115 120
87 47
88 43
89 37 104 115
90 40
91 60
92 52 115
93 54
94 99 102 104 113 115 120
95 34
96 46
97 88 104 115
98 97
99 85
100 39
101 32
102 51 103 104 106 108 109 113 115 118 120
103 95 104 115 120
104 54 106 108 109 112 113 115 118 120
105 99
106 86 113 115 120
107 48
108 90 115 120
109 28 115 120
110 25
111 86
112 39 115
113 74 115 120
114 26
115 38 118 120
116 60
117 41
118 67
119 80
120 33
